20.046491
14.989173
11.980213
10.975643
9.996590
9.388771
9.002340
8.449476
8.012173
7.595107
7.236276
7.005417
6.491598
6.010757
5.846614
5.529766
5.227581
4.995933
4.664518
4.428034
4.176835
4.007945
3.708774
3.490861
3.283033
3.008131
2.895785
2.733143
2.577290
2.444226
2.316111
2.207925
2.103270
2.002028
1.904090
1.822689
1.743571
1.666670
1.604235
1.531239
1.495512
1.414098
1.357577
1.302378
1.248473
1.206258
1.154603
1.114151
1.074458
1.035510
0.997294
0.950531
0.923001
0.886897
0.851471
0.816710
0.791068
0.757441
0.732636
0.700106
0.676110
0.644642
0.621429
0.598543
0.575981
0.546392
0.524566
0.503048
0.481833
0.460918
0.440298
0.419969
0.399927
0.380168
0.360688
0.347854
0.328830
0.310074
0.297718
0.273353
0.261343
0.243540
0.225988
0.214425
0.197284
0.180385
0.169252
0.152749
0.141876
0.125759
0.109870
0.099402
0.083884
0.073661
0.058507
0.048524
0.033724
0.023974
0.009522
0.000000
